%YAML:1.0
---
camera_matrix: !!opencv-matrix
   rows: 3
   cols: 3
   dt: d
   data: [ 5.1564349297690865e+02, 0., 9.6987721758301041e+02, 0.,
       5.1723469377172853e+02, 5.4220766135737699e+02, 0., 0., 1. ]
dist_coeffs: !!opencv-matrix
   rows: 4
   cols: 1
   dt: d
   data: [ 1.3504575398028931e-01, -2.0039703447456824e-02,
       -9.5779082461977545e-03, 2.0976837225700775e-03 ]
resolution: !!opencv-matrix
   rows: 2
   cols: 1
   dt: i
   data: [ 1920, 1080 ]
project_matrix: !!opencv-matrix
   rows: 3
   cols: 3
   dt: d
   data: [ -1.4309560265787274e-01, -1.2236306856232706e+00,
       7.6012901159971909e+02, -3.1942452975247268e-02,
       -1.0426737212958008e+00, 5.8038683166998703e+02,
       -5.2068720767404179e-05, -1.8665954109909736e-03, 1. ]
scale_xy: !!opencv-matrix
   rows: 2
   cols: 1
   dt: f
   data: [ 4.00000006e-01, 4.00000006e-01 ]
shift_xy: !!opencv-matrix
   rows: 2
   cols: 1
   dt: f
   data: [ 0., 0. ]
