%YAML:1.0
---
camera_matrix: !!opencv-matrix
   rows: 3
   cols: 3
   dt: d
   data: [ 5.2463043914447996e+02, 0., 9.6686701766527540e+02, 0.,
       5.2434802950199878e+02, 5.4269780026003309e+02, 0., 0., 1. ]
dist_coeffs: !!opencv-matrix
   rows: 4
   cols: 1
   dt: d
   data: [ 1.1362467484775352e-01, -3.7915769923948475e-02,
       3.4425741540644855e-03, -9.4579232071777990e-05 ]
resolution: !!opencv-matrix
   rows: 2
   cols: 1
   dt: i
   data: [ 1920, 1080 ]
project_matrix: !!opencv-matrix
   rows: 3
   cols: 3
   dt: d
   data: [ -1.6201729854623897e-01, -2.0622605261801881e+00,
       1.1387293771900886e+03, 4.6820820308480421e-02,
       -1.4860772816676939e+00, 6.6876117031631713e+02,
       9.5169070724723275e-05, -2.4711574879894022e-03, 1. ]
scale_xy: !!opencv-matrix
   rows: 2
   cols: 1
   dt: f
   data: [ 3.00000012e-01, 3.00000012e-01 ]
shift_xy: !!opencv-matrix
   rows: 2
   cols: 1
   dt: f
   data: [ 300., 0. ]