%YAML:1.0
---
camera_matrix: !!opencv-matrix
   rows: 3
   cols: 3
   dt: d
   data: [ 5.1120732339790851e+02, 0., 9.6474560744994028e+02, 0.,
       5.0935976497390214e+02, 5.4299092669051277e+02, 0., 0., 1. ]
dist_coeffs: !!opencv-matrix
   rows: 4
   cols: 1
   dt: d
   data: [ 1.3010447067191480e-01, -2.7967270726498822e-02,
       -4.2271229201011002e-03, 1.1823150697328482e-03 ]
resolution: !!opencv-matrix
   rows: 2
   cols: 1
   dt: i
   data: [ 1920, 1080 ]
project_matrix: !!opencv-matrix
   rows: 3
   cols: 3
   dt: d
   data: [ -2.4996146267214581e-01, -1.4744554437656410e+00,
       8.3566977638915637e+02, -3.2218867894458179e-02,
       -1.2520718840639828e+00, 6.3373730910880931e+02,
       -6.9202263289397140e-05, -2.1027323262124554e-03, 1. ]
scale_xy: !!opencv-matrix
   rows: 2
   cols: 1
   dt: f
   data: [ 3.00000012e-01, 3.00000012e-01 ]
shift_xy: !!opencv-matrix
   rows: 2
   cols: 1
   dt: f
   data: [ -300., 0. ]